CustomerId          
--------------------
54                  
53                  
23                  
24                  
19                  
26                  
25                  
20                  
18                  
22                  
17                  
21                  
28                  
27                  
51                  
50                  
34                  
35                  
49                  
4                   
48                  
47                  
46                  
59                  
58                  
45                  
38                  
37                  
2                   
42                  
43                  
41                  
40                  
44                  
9                   
6                   
57                  
14                  
31                  
3                   
30                  
29                  
15                  
32                  
33                  
13                  
12                  
1                   
11                  
8                   
7                   
55                  
56                  
